-2565117.780 5085668.127 -2861192.451
-2565018.514 5085828.943 -2860996.906
-2565098.458 5085721.762 -2861114.959
-2564934.800 5085806.277 -2861111.474
-2565076.717 5085764.134 -2861059.507
-2565065.473 5085847.033 -2860923.142
-2565046.967 5085805.329 -2861013.262
-2565035.524 5085761.095 -2861101.555
-2565148.581 5085752.659 -2861015.769
-2564941.089 5085851.776 -2861025.537
-2564981.612 5085832.027 -2861024.322
-2565201.216 5085758.293 -2860958.944
-2565029.439 5085736.711 -2861150.029
-2565064.630 5085731.141 -2861128.525
-2565017.043 5085796.421 -2861055.639
-2564887.067 5085856.987 -2861064.442
-2565097.083 5085789.788 -2860996.073
-2565185.372 5085736.947 -2861010.744
-2565002.909 5085773.894 -2861108.001
-2565085.745 5085743.997 -2861087.021
-2565182.911 5085713.349 -2861054.603
-2565191.413 5085676.629 -2861111.867
-2565093.037 5085702.161 -2861154.395
-2565036.332 5085844.865 -2860952.922
-2565161.093 5085784.287 -2860948.779
-2565007.271 5085872.195 -2860930.544
-2565081.266 5085815.627 -2860964.534
-2565039.437 5085696.865 -2861211.477
-2564986.598 5085751.178 -2861162.634
-2565127.256 5085790.140 -2860968.579
-2565122.020 5085698.983 -2861134.195
-2565140.074 5085812.463 -2860917.747
-2564966.533 5085739.453 -2861201.203
-2565220.147 5085718.166 -2861012.936
-2564967.989 5085781.150 -2861126.287
-2564911.606 5085789.099 -2861162.458
-2565113.841 5085744.093 -2861061.832
-2564951.656 5085821.442 -2861069.689
-2565074.192 5085677.669 -2861214.420
-2564898.449 5085876.664 -2861019.563
-2564985.047 5085813.250 -2861054.417
-2565221.275 5085699.431 -2861045.012
-2564872.788 5085832.956 -2861119.588
-2565103.001 5085765.208 -2861034.203
-2564957.134 5085725.607 -2861234.020
-2564928.043 5085882.314 -2860983.232
-2565154.877 5085662.139 -2861169.988
-2564901.351 5085835.350 -2861089.927
-2565098.857 5085845.671 -2860895.815
-2565187.052 5085656.040 -2861152.103
-2565107.398 5085816.929 -2860938.962
-2565003.302 5085726.547 -2861191.249
-2564971.485 5085862.724 -2860979.138
-2565148.230 5085735.054 -2861047.166
-2565223.510 5085677.748 -2861081.305
-2564900.307 5085809.656 -2861136.225
-2565060.392 5085708.476 -2861172.316
-2564943.760 5085764.614 -2861177.058
-2565052.004 5085785.316 -2861044.114
-2565152.013 5085703.172 -2861100.089
-2564906.593 5085770.438 -2861199.870
-2564929.385 5085748.627 -2861218.085
-2564976.067 5085796.859 -2861091.356
-2564972.209 5085886.039 -2860937.323
-2565040.390 5085872.405 -2860900.679
-2565002.986 5085699.694 -2861238.940
-2564921.911 5085841.367 -2861060.995
-2565172.688 5085798.292 -2860913.723
-2565169.002 5085763.081 -2860979.180
-2565049.913 5085823.755 -2860978.103
-2565159.752 5085678.714 -2861136.382
-2565221.578 5085736.920 -2860978.548
-2565043.901 5085677.017 -2861242.544
-2564878.672 5085805.082 -2861163.565
-2565123.961 5085723.318 -2861089.500
-2565189.268 5085621.230 -2861211.588
-2565186.426 5085604.029 -2861244.488
-2564929.393 5085952.440 -2860858.200
-2565125.887 5085630.867 -2861251.016
-2564818.669 5085938.475 -2860981.461
-2565061.055 5085620.496 -2861327.056
-2564887.715 5085745.898 -2861260.007
-2565329.083 5085702.373 -2860943.799
-2564864.120 5085770.070 -2861238.339
-2565263.260 5085753.640 -2860911.902
-2564924.952 5085714.802 -2861281.752
-2564827.763 5085843.334 -2861141.357
-2565047.875 5085649.156 -2861288.195
-2564960.441 5085922.491 -2860883.435
-2564801.764 5085926.015 -2861018.517
-2564854.023 5085751.637 -2861279.875
-2564813.761 5085901.188 -2861051.671
-2565000.245 5085940.724 -2860815.789
-2565272.931 5085597.079 -2861179.720
-2564858.670 5085900.337 -2861013.185
-2564853.286 5085953.004 -2860924.981
-2565178.427 5085820.045 -2860870.200
-2565294.784 5085674.176 -2861024.134
-2565102.588 5085616.594 -2861296.963
-2565116.771 5085650.983 -2861223.618
-2565048.714 5085913.746 -2860820.264
-2565002.026 5085906.791 -2860874.125
-2565245.610 5085622.470 -2861159.222
-2565248.003 5085794.452 -2860853.425
-2565058.104 5085885.649 -2860861.517
-2564882.218 5085955.819 -2860894.244
-2565284.898 5085702.699 -2860982.577
-2564848.137 5085856.071 -2861100.725
-2565224.028 5085815.198 -2860838.144
-2565150.611 5085854.349 -2860834.398
-2564858.769 5085798.602 -2861192.728
-2565008.513 5085669.150 -2861287.945
-2564897.664 5085711.537 -2861311.814
-2564883.233 5085930.410 -2860938.208
-2564778.794 5085850.507 -2861172.295
-2564931.667 5085898.751 -2860950.980
-2565155.725 5085635.500 -2861216.265
-2565091.940 5085903.375 -2860800.079
-2565278.953 5085731.154 -2860937.629
-2565225.162 5085649.346 -2861129.982
-2564864.792 5085921.441 -2860970.469
-2565114.187 5085873.506 -2860833.011
-2565236.589 5085751.315 -2860939.760
-2565297.976 5085642.381 -2861077.431
-2564829.341 5085782.572 -2861247.233
-2565236.578 5085597.676 -2861211.042
-2564793.211 5085802.242 -2861244.675
-2564823.877 5085802.138 -2861217.552
-2564791.670 5085864.514 -2861136.099
-2564957.849 5085681.150 -2861311.872
-2565263.058 5085697.279 -2861011.599
-2565155.219 5085607.829 -2861265.569
-2565299.771 5085745.827 -2860893.177
-2565187.360 5085842.371 -2860822.820
-2564792.312 5085883.052 -2861102.795
-2565308.047 5085608.332 -2861128.578
-2564926.721 5085930.891 -2860898.631
-2565135.878 5085887.150 -2860789.598
-2564980.417 5085929.491 -2860853.283
-2564830.159 5085817.994 -2861183.965
-2565218.915 5085586.124 -2861247.167
-2564983.923 5085689.713 -2861273.537
-2565148.466 5085593.360 -2861297.128
-2565319.715 5085652.853 -2861039.581
-2565218.439 5085621.602 -2861184.953
-2565245.051 5085777.496 -2860885.994
-2565274.515 5085664.586 -2861059.119
-2565092.019 5085867.037 -2860864.177
-2565275.368 5085771.840 -2860868.979
-2565255.011 5085724.350 -2860970.966
-2564777.609 5085922.097 -2861046.944
-2564746.138 5085882.453 -2861144.967
-2565408.334 5085560.318 -2861124.034
-2564682.827 5085897.834 -2861174.180
-2565186.436 5085902.440 -2860717.567
-2565052.185 5085586.133 -2861395.621
-2564828.749 5085709.514 -2861376.746
-2564940.708 5085648.820 -2861384.212
-2565367.377 5085540.466 -2861195.560
-2564705.144 5085852.318 -2861234.674
-2565096.336 5085959.843 -2860696.446
-2564865.571 5085978.381 -2860869.228
-2565288.644 5085538.788 -2861268.641
-2565168.534 5085545.864 -2861363.108
-2565421.926 5085592.804 -2861054.571
-2565203.925 5085880.444 -2860740.832
-2565121.779 5085589.676 -2861327.396
-2564772.909 5085968.328 -2860969.496
-2565317.712 5085570.696 -2861186.419
-2564769.969 5085989.278 -2860935.119
-2565140.289 5085568.451 -2861348.384
-2565102.579 5085576.069 -2861368.515
-2564973.570 5085599.117 -2861442.700
-2565239.309 5085554.529 -2861284.785
-2564967.528 5085995.556 -2860748.099
-2564813.248 5085993.695 -2860888.780
-2564885.357 5085672.698 -2861391.341
-2564757.323 5085911.810 -2861083.172
-2565127.271 5085922.407 -2860735.002
-2565365.575 5085681.520 -2860948.118
-2565356.057 5085651.019 -2861010.451
-2564805.794 5085967.743 -2860941.245
-2565325.758 5085810.458 -2860755.903
-2564788.160 5085725.485 -2861384.688
-2564773.631 5085793.552 -2861277.450
-2564768.979 5085945.785 -2861012.802
-2565337.463 5085583.519 -2861146.190
-2565386.001 5085604.493 -2861065.929
-2565398.244 5085671.430 -2860936.835
-2565422.095 5085617.749 -2861010.376
-2565019.279 5085619.721 -2861365.625
-2564730.068 5085796.452 -2861311.118
-2565064.053 5085965.377 -2860715.424
-2564798.088 5085751.972 -2861329.086
-2565300.457 5085809.107 -2860780.824
-2565335.075 5085762.749 -2860831.852
-2564992.416 5085639.773 -2861354.144
-2565375.336 5085579.797 -2861119.031
-2564796.845 5086020.650 -2860855.787
-2565259.891 5085635.728 -2861123.096
-2564873.493 5085654.693 -2861433.691
-2564918.611 5085677.239 -2861353.715
-2564684.989 5085958.623 -2861064.920
-2565042.354 5085572.888 -2861427.757
-2564735.475 5085939.136 -2861054.375
-2565064.713 5085599.293 -2861361.232
-2565268.707 5085874.595 -2860693.459
-2565234.768 5085898.923 -2860680.728
-2565262.673 5085850.867 -2860740.736
-2565227.391 5085858.489 -2860758.703
-2565237.710 5085877.116 -2860716.618
-2565294.017 5085846.538 -2860720.463
-2564646.393 5085937.347 -2861136.853
-2564708.938 5085904.815 -2861138.606
-2564666.181 5085950.337 -2861096.297
-2564631.805 5085920.407 -2861179.753
-2564612.910 5085943.941 -2861155.022
-2564688.876 5085927.405 -2861116.580
-2565263.822 5085491.654 -2861373.956
-2565235.370 5085515.131 -2861357.848
-2565248.828 5085532.828 -2861314.621
-2565202.979 5085522.016 -2861374.538
-2565264.841 5085511.222 -2861338.505
-2565202.579 5085541.023 -2861341.337
-2565002.289 5086051.457 -2860618.417
-2564978.192 5086078.257 -2860592.550
-2565009.202 5086071.126 -2860577.523
-2564956.262 5086099.948 -2860573.773
-2565037.802 5086071.360 -2860551.637
-2564992.291 5086109.569 -2860524.691
-2564522.131 5086244.144 -2860705.732
-2564489.924 5086277.451 -2860675.587
-2564593.298 5086232.261 -2860663.344
-2564541.264 5086259.104 -2860662.273
-2564508.536 5086291.045 -2860635.005
-2564573.196 5086260.802 -2860630.840
-2564014.480 5086237.726 -2861169.029
-2564047.155 5086222.774 -2861166.344
-2563980.402 5086274.254 -2861134.861
-2564048.868 5086243.154 -2861128.832
-2564016.967 5086260.856 -2861125.971
-2564032.726 5086271.534 -2861093.088
-2563732.410 5085899.897 -2862016.483
-2563770.025 5085885.497 -2862008.432
-2563782.239 5085900.209 -2861971.593
-2563819.392 5085885.423 -2861964.635
-2563734.539 5085933.226 -2861955.758
-2563771.354 5085935.217 -2861919.485
-2564571.151 5085774.226 -2861491.840
-2564620.585 5085750.959 -2861488.908
-2564653.841 5085737.931 -2861482.301
-2564607.286 5085771.877 -2861463.819
-2564641.205 5085759.922 -2861454.727
-2564595.091 5085800.815 -2861423.587
-2564855.721 5085443.248 -2861822.768
-2564786.451 5085478.419 -2861822.352
-2564820.781 5085468.981 -2861808.451
-2564793.598 5085492.744 -2861790.706
-2564865.429 5085463.976 -2861777.537
-2564827.168 5085489.483 -2861766.577
-2565442.797 5085080.342 -2861940.615
-2565407.751 5085098.248 -2861940.216
-2565373.085 5085125.605 -2861922.800
-2565428.295 5085104.056 -2861911.674
-2565389.820 5085138.870 -2861884.487
-2565441.727 5085122.912 -2861866.435
-2566248.235 5084867.271 -2861599.361
-2566242.717 5084887.184 -2861569.130
-2566275.238 5084874.884 -2861561.870
-2566220.661 5084916.578 -2861536.894
-2566281.768 5084891.441 -2861526.829
-2566253.167 5084921.415 -2861499.399
-2565542.074 5085444.619 -2861209.188
-2565514.148 5085471.788 -2861186.093
-2565482.050 5085491.461 -2861179.948
-2565548.466 5085459.100 -2861177.928
-2565534.354 5085487.717 -2861139.974
-2565570.214 5085473.757 -2861132.680
-2565790.599 5085557.628 -2860788.276
-2565739.429 5085590.530 -2860775.764
-2565772.512 5085581.040 -2860763.049
-2565726.779 5085617.456 -2860739.489
-2565810.263 5085579.896 -2860731.436
-2565789.896 5085605.586 -2860704.219
-2565735.448 5085914.476 -2860207.213
-2565713.832 5085947.231 -2860168.620
-2565667.278 5085974.876 -2860161.272
-2565759.875 5085930.934 -2860156.379
-2565691.431 5085980.483 -2860129.848
-2565733.538 5085964.441 -2860120.663
-2565124.968 5086493.743 -2859727.878
-2565079.873 5086520.401 -2859720.957
-2565157.168 5086491.284 -2859703.532
-2565118.675 5086520.701 -2859685.854
-2565143.047 5086524.889 -2859656.741
-2565093.305 5086550.746 -2859655.376
-2564110.383 5085169.740 -2862968.722
-2564166.710 5085157.267 -2862940.617
-2564115.176 5085186.488 -2862934.910
-2564080.048 5085210.891 -2862923.105
-2564153.947 5085185.424 -2862902.293
-2564134.836 5085212.254 -2862871.959
-2565135.704 5084327.128 -2863542.833
-2565174.683 5084314.955 -2863529.620
-2565140.838 5084352.596 -2863493.349
-2565196.688 5084329.996 -2863483.511
-2565109.206 5084378.183 -2863476.368
-2565182.213 5084353.689 -2863454.605
-2566836.378 5083529.584 -2863435.560
-2566870.892 5083518.884 -2863423.695
-2566809.937 5083553.408 -2863417.091
-2566903.005 5083511.411 -2863408.280
-2566848.718 5083557.354 -2863375.601
-2566883.244 5083548.881 -2863359.798
-2568978.144 5083138.457 -2862217.141
-2569028.900 5083123.099 -2862198.983
-2568944.658 5083169.454 -2862192.314
-2569023.754 5083147.296 -2862160.884
-2568991.848 5083164.934 -2862158.217
-2568950.007 5083189.646 -2862151.925
-2570848.103 5083656.132 -2859634.972
-2570887.328 5083651.913 -2859607.394
-2570855.311 5083677.105 -2859591.500
-2570923.582 5083653.761 -2859571.756
-2570898.151 5083674.351 -2859558.106
-2570856.825 5083695.322 -2859557.979
-2563986.135 5087048.075 -2859762.902
-2563989.316 5087070.402 -2859720.620
-2564049.629 5087050.321 -2859702.387
-2563959.313 5087097.758 -2859699.002
-2564016.622 5087072.069 -2859693.355
-2563984.425 5087100.970 -2859670.962
-2562747.103 5087282.183 -2860452.339
-2562793.330 5087259.433 -2860451.389
-2562775.957 5087281.033 -2860428.691
-2562820.044 5087273.503 -2860402.758
-2562744.778 5087313.035 -2860399.905
-2562789.916 5087299.239 -2860384.106
-2561668.044 5086971.844 -2861960.244
-2561632.141 5087004.892 -2861933.818
-2561707.230 5086970.338 -2861928.063
-2561680.334 5086995.499 -2861907.554
-2561708.134 5086996.776 -2861880.581
-2561650.859 5087028.668 -2861875.197
-2561256.072 5085927.251 -2864169.726
-2561290.645 5085911.029 -2864167.630
-2561328.894 5085910.017 -2864135.439
-2561304.517 5085930.906 -2864120.247
-2561273.099 5085952.885 -2864109.387
-2561306.505 5085953.062 -2864079.400
-2562316.794 5084011.117 -2866605.385
-2562277.501 5084039.902 -2866589.562
-2562324.754 5084029.406 -2866566.099
-2562277.546 5084059.885 -2866554.319
-2562371.718 5084023.967 -2866533.982
-2562304.309 5084062.692 -2866525.612
-2566985.280 5085052.505 -2860615.599
-2567025.114 5085037.081 -2860607.326
-2566972.442 5085076.381 -2860584.884
-2567011.035 5085064.586 -2860571.309
-2567060.919 5085049.721 -2860553.091
-2567013.691 5085081.254 -2860539.510
-2567212.312 5085671.054 -2859320.689
-2567263.130 5085646.642 -2859318.496
-2567234.944 5085675.223 -2859293.138
-2567201.180 5085693.681 -2859290.641
-2567271.958 5085660.091 -2859286.863
-2567250.895 5085690.429 -2859252.048
-2566612.985 5086770.600 -2857911.973
-2566580.413 5086793.376 -2857900.761
-2566646.054 5086760.356 -2857900.584
-2566675.098 5086758.250 -2857878.399
-2566644.654 5086780.716 -2857865.838
-2566615.398 5086801.851 -2857854.570
-2564845.237 5088218.707 -2856927.617
-2564916.125 5088195.464 -2856905.521
-2564834.603 5088239.456 -2856900.393
-2564876.320 5088226.284 -2856886.493
-2564850.564 5088249.911 -2856867.663
-2564909.495 5088226.743 -2856856.097
-2561948.780 5089585.643 -2857090.525
-2561978.578 5089585.606 -2857064.049
-2561909.202 5089623.493 -2857058.802
-2561948.590 5089609.308 -2857048.820
-2561977.021 5089613.169 -2857016.664
-2561929.123 5089638.982 -2857013.650
-2570449.777 5080968.943 -2864729.970
-2570419.028 5080993.825 -2864713.539
-2570505.498 5080952.497 -2864709.282
-2570463.536 5080990.416 -2864679.876
-2570444.232 5081017.402 -2864649.539
-2570509.861 5080986.615 -2864645.284
-2573125.796 5079781.299 -2864435.758
-2573079.213 5079809.421 -2864427.786
-2573107.855 5079815.293 -2864391.885
-2573177.147 5079783.130 -2864386.712
-2573095.976 5079837.479 -2864363.401
-2573157.172 5079811.085 -2864355.291
-2572308.475 5077498.125 -2869181.962
-2572276.746 5077529.886 -2869154.386
-2572227.947 5077558.134 -2869148.186
-2572313.049 5077524.453 -2869131.608
-2572282.733 5077548.695 -2869115.992
-2572247.040 5077567.553 -2869114.626
-2580495.216 5077621.465 -2861653.140
-2580423.239 5077659.562 -2861650.463
-2580464.629 5077643.979 -2861640.855
-2580433.276 5077674.529 -2861615.094
-2580492.221 5077646.664 -2861611.410
-2580469.778 5077668.855 -2861592.400
-2585830.720 5076679.880 -2858526.787
-2585790.540 5076720.507 -2858491.222
-2585823.221 5076705.491 -2858488.347
-2585878.328 5076684.814 -2858475.305
-2585821.405 5076730.209 -2858446.371
-2585875.700 5076703.228 -2858445.181
-2590227.773 5080131.846 -2848463.108
-2590209.155 5080154.401 -2848439.968
-2590272.082 5080132.113 -2848422.612
-2590218.731 5080169.437 -2848404.681
-2590254.268 5080154.297 -2848399.402
-2590181.488 5080191.680 -2848398.915
-2597912.885 5076584.592 -2847792.972
-2597877.497 5076611.549 -2847777.305
-2597972.327 5076567.517 -2847769.343
-2597902.911 5076616.074 -2847746.264
-2597939.438 5076602.766 -2847736.729
-2597911.228 5076630.359 -2847713.432
-2557871.974 5087206.764 -2864916.468
-2557895.198 5087213.507 -2864883.976
-2557930.843 5087197.323 -2864880.910
-2557870.152 5087236.148 -2864866.255
-2557910.296 5087231.256 -2864839.280
-2557868.033 5087256.113 -2864832.918
-2554704.861 5086797.148 -2868443.763
-2554738.920 5086781.310 -2868441.530
-2554763.302 5086786.073 -2868411.569
-2554659.756 5086838.940 -2868410.048
-2554707.142 5086822.454 -2868397.169
-2554712.918 5086838.027 -2868364.626
-2551465.238 5090318.579 -2865100.843
-2551421.956 5090348.042 -2865087.133
-2551391.002 5090370.852 -2865074.259
-2551451.190 5090346.264 -2865064.413
-2551437.022 5090371.113 -2865033.090
-2551474.063 5090359.273 -2865021.219
-2552487.077 5085077.431 -2873429.327
-2552457.347 5085095.590 -2873423.639
-2552496.300 5085092.440 -2873394.805
-2552451.197 5085123.736 -2873379.589
-2552532.702 5085089.499 -2873367.855
-2552482.350 5085116.536 -2873364.756
-2552645.034 5081456.263 -2879646.401
-2552627.048 5081480.331 -2879620.051
-2552670.704 5081465.133 -2879608.251
-2552705.696 5081453.556 -2879597.731
-2552629.701 5081498.903 -2879585.162
-2552680.843 5081490.335 -2879555.148
-2557037.233 5076354.523 -2884709.082
-2557004.479 5076386.770 -2884681.555
-2557043.596 5076369.272 -2884677.699
-2557084.123 5076356.846 -2884663.735
-2556999.837 5076405.761 -2884652.447
-2557055.209 5076394.533 -2884623.318
-2554693.945 5073935.029 -2890992.691
-2554654.017 5073962.679 -2890979.536
-2554733.711 5073927.518 -2890970.880
-2554689.103 5073959.345 -2890954.550
-2554649.267 5073983.054 -2890948.182
-2554716.401 5073958.244 -2890932.508
-2566569.381 5089126.667 -2853781.451
-2566541.098 5089148.835 -2853767.449
-2566510.600 5089167.273 -2853762.033
-2566582.931 5089140.700 -2853744.489
-2566553.761 5089162.057 -2853732.716
-2566534.378 5089185.923 -2853707.755
-2570977.266 5088526.025 -2850902.777
-2570948.779 5088548.657 -2850888.171
-2570989.269 5088539.918 -2850867.395
-2570961.644 5088560.242 -2850856.107
-2571026.599 5088530.065 -2850851.423
-2570993.316 5088567.478 -2850814.906
-2564022.758 5092533.541 -2850016.028
-2564094.948 5092500.778 -2850009.665
-2564058.504 5092528.946 -2849992.240
-2564098.296 5092525.640 -2849962.546
-2564020.112 5092566.633 -2849959.657
-2564068.870 5092544.268 -2849955.781
-2560680.671 5095774.373 -2847245.396
-2560718.994 5095760.546 -2847235.741
-2560667.168 5095796.138 -2847218.765
-2560708.243 5095786.302 -2847199.559
-2560678.769 5095812.707 -2847178.946
-2560718.588 5095799.772 -2847166.369
-2556320.114 5099254.142 -2844948.345
-2556351.369 5099246.890 -2844933.361
-2556331.736 5099272.660 -2844905.004
-2556298.701 5099290.557 -2844902.623
-2556360.030 5099275.850 -2844874.070
-2556312.250 5099305.210 -2844864.443
-2548228.606 5100891.735 -2849239.588
-2548278.390 5100874.836 -2849225.410
-2548207.429 5100921.782 -2849204.968
-2548245.582 5100906.608 -2849198.058
-2548277.121 5100898.951 -2849183.656
-2548218.848 5100938.941 -2849164.309
-2542272.715 5109625.883 -2838960.820
-2542337.771 5109605.744 -2838938.957
-2542291.173 5109638.674 -2838921.535
-2542336.586 5109625.163 -2838905.294
-2542263.987 5109664.087 -2838900.284
-2542301.728 5109653.471 -2838885.691
